left eye with around skin segments
446, 261, 448, 449, 450, 451, 452, 453, 464, 413, 441, 442, 443, 444, 445, 342
right eye  with around skin segments
226, 113, 225, 224, 223, 222, 221, 189, 244, 233, 232, 231, 230, 229, 228, 31

only left eye
263, 466, 388, 387, 386, 385, 384, 398, 362, 382, 381, 380, 374, 373, 390, 249
only rigth eye
33, 246, 161, 160, 159, 158, 157, 173, 133, 155, 154, 153, 145, 144, 163, 7

left eye with eyelid
359, 467, 260, 259, 257, 258, 286, 414, 463, 341, 256, 252, 253, 254, 339, 255
right eye with eyelid
243, 190, 56, 28, 27, 29, 30, 247, 130, 25, 110, 24, 23, 22, 26, 112